$ANSIBLE_VAULT;1.1;AES256
30646531633439346136623233613531386364353733303437616134643630643862666631323736
3963343266333232383733396334663061386232626562640a323239373039653465353131313635
33343764333662353761316532326335366337626262663133306661393165646238663364343462
3461303731326332360a643762393239316635346362633633343636363761393237653333306333
63363664336137653833666135623461376238336639646161656338346561343932616639386661
64626664646233393739386564336638386237653635623132333032353364323730366239616566
36666138346439666638653233393736376561306236626337613231303938643563346339303763
38386531653762353465376533623536343164616466323832333739393033313065613161306137
34386639306531643534373963303661313666613635323438313861373761306330366439343862
66643530313364336632636438636464393230363736643764363637333762313637386233663361
35396161373466353538666530646538393637663937346661323736313932346239643030646631
34313435653739373532323436616433313735613737363562353264633866383735613830646532
64303234313331303165333034393531373830393161393665656339333531323561363337656137
63333266373066633833376635303530646162623137626339343133306432646233396163376164
63623331333861623861313836353031393836313462306166393463633833653138363132363733
37336431323234373734653336633562303966353963653366613962333561356235353361393261
32306433376564343431303763373061313135636539393538376236363438333265316662373734
33646330313665306534373135313363646138386232383736623937336365373961313037633034
38323331333732316639303063626163363338383765303432383461633437306266326131653262
31616664613162363765386362633662616333643663333933326161303534616137393733353333
33353632313634626435376634623863376464376536663631333261613132363639303531613234
61663466373165393530633831636436643135356165373632366238646431326633316632313337
61393531616539656633333538393361363832633834393733626637376166393665343137663761
30336337313366353365653265356533366163633932393633666564633038393366393236343233
33393765356135336630366430646565336337653730343363653732306561386664613630336462
35323331323530653434396233633539376162643766346633393361386264306363353934623466
34376266383036376136356538613563346561623636393332646532316562346633353039303937
32353332333737326463326637643464656664363239306631636530396333316636633530636234
66333431316637643036663564386434626531353565356139373333363331353433373266316230
35646361313330333238343166383964623035313630353165383863663464633333383163613537
35386637356665346330353134313736313332313931313333366533326132656662613239323466
37656666363764633561633834303934613937356232356434663663616431373330653864386631
34303133393333316137666538343962653035316463666632396435663533366234643662326431
65326263393935653430656438613632643231636266356365633565646166616339313631653064
31653464613966396239363061626133663361643630653135643366353030303765636338616537
33613436356566633461306638306366386366633637363032633162303136323932356133386333
32633065383666623537356237356163333636666161653530633938326163313963343863313066
63303031313834366630323538373563383832623764646565336331313034313731373030346237
32396330626338396234663661393766656361633532336130393031306137656432373062613939
38623437343431313937386165316462643066383637343038656239656464393663643436396638
32346534343636343664653934316534613162353837653062373438633532616336646365333230
61663066656531613965363466336234326366346337396166313138373364313831626661653261
65393437393637323262393037663337666332633035656535386235663937633266666264316337
34643935393634363639623136336137613836326362316430323539646537373635393366303366
66323837393737636263626462326466376164373331323734323330333666656164386230313438
35656336393862326536356534343939633236376137336233643263353761616532633866326561
33366461343638653234363030323436366463343266353963306436343836316432373933396163
31653963316631633139653265643863633133623236353062346433666439383436383832326132
39613737356265616534633435396231383465363739636230613932393539353863643331323436
62663837656231653861663666386164363065353562316166346433383936653366646262316161
63333236393435316435316431353433303335646462313332386232656137393265653336393036
62663161646164303131376139383132613032306437393938613036636238613965316633666265
63663330353033353333353237326664326463363562363664396162303461616535626239303634
61306232616265386265323964363931666630656462643039643134363039373739616666626634
33623533363565656265323239643061616665633161393563383663336439386532613064623438
30323733363164373230373661353464616238363239323666616461643566663334366135613365
65613166353331353537633439303038363831376638343133393838363664396137613533396462
64333834626136623334393533653931326665326631363862343532343465383536666530306466
64623434363931306163313938383638643936656133303436353239353330323564373632396331
32313061366361306163666239323565353866636633623538313438653937626533326338363164
37363965363633313964343437633237313739613464613032356566373539656439353832316366
65313731373863663738663761326635306462646564663963616531653735393930383730646338
63376565313764386561656363356261336163323365306637616535353062646437633464353534
35313766383564393535613061343137656566653263393463323965303666376237623831636636
37376236336132663636393564323634643064323832373635646662623836323231353631343231
65313934343762376334393031383164356361306465663535323837353364636435343636353165
38616332323065353238316364306131363661326635616437336230373061346330353339623364
39373262383262316164633766393134633633376232393531646236666265613337306638656636
65336261653530313435633131333631383738626663396265623761306635376366633665656133
64633337326432633630373437313765363664613561316162366432396261306430353539346237
32613039646230646663303635653636323639383833636639363566336232346664633237366535
32646135613831386662366264396439333165363063336634396464636265666632633535396335
35316663326237323366396236643337623430326237376362366236333165626638616339613531
34623636306231376136346162623439613761633033656366366363386231626431326134363736
35306332353031616663333065626462653564383139356466643035613166396132343331303461
37343731323565653763353466373537383439633964393336386432333638366335326362343865
64356263383836316433653462303064316432666132393338623639343736613965623565643536
35376235333663333134316130306362373832363336363737323064353532613337633364353362
37313338333833643665313365643835663539323031613831333962613336346164313432316166
65653965646339336130623739666365613133663238303863383538626336376539336430646261
33393366376366306233653139386464613766663938666136643335376439666135306530343765
35373434633633613036316663386661383063363633613164396465663262316266333939336235
65383837666262366130646638363839346239663164613432366430306466336235643164653433
39653865356164353235366665666337646338623439643233633862616539376232313430643165
33333436376232666262616266323831653033323764626639303261313264626632373864306465
62353738643337643665333066313164666239363235383538613565643764303230396361313530
34643465646331396664353765623766393566353239633938633036366565636461616337316330
63313933393738613437376636666233313865396332303761303465336238333062303333643331
37313464383233326233323865333435333733363165333333333865313230373463343333666634
31396435663461613864366366376666373837363533646430666365623261303364633834663663
33623064383966363066313039363132386535386338393434666630666534613137353665653839
30326133313463613035643764363133653563376139613561323832386231336332643033366364
64373130313335333230323531323533616564303138333261396566613031626663353832343665
37633939343261626462346634366366373565373938306230396532363737343630363237393466
31306335343935393965643539643330383631356632653839316530343561333237353238306562
64326634313138613336343830313266353136643731306235393030393463366538383565303935
31323036663536333333353935353530616630333130313137623864303664363830626234356361
35303337656135616464666466323464366439623263303938623866623337326236333235663366
35623839346630396533316632333535646439353861323934643761643963353335656162346432
30303761663966646232316663646138633466623266313535626337316232343037326465666561
38653636303537326362383766613764326431333765323737353562623139666163336534393634
66333935363662623837636334333030323931393434633766396333323237626637633361656232
37333334623534333639343130303362363738313864333832343564626339663166353962616564
66656566643964343363363733623832343136623730633533343439323938373263353034313036
66303932333737363436366435363930353933343062616331333337313730626463353830303963
66373334333531323065623831353463323637396234326432386230323539356338303038316639
33623032386635346564666636386233313837323332626666306236636134323730643836303162
66323038363234623430356531623962623862373035323030323030663863633064386461383162
65383733643533303532303835646233353862623935303231383936633665303864653962323139
36343339656338633533326132316363383735313531313632653133303062653030623232356666
62323532333865323865376531393163373332393934383934323135343431383366313830653533
30353933393835333037323535616532363933313232646436613330313331366532366366643163
61366330663039653239363463396131363365383236626261323230386336613339626131313461
62646639353233636465663733383938366431643234613463343438333839623138393366366534
39336463663836333164316266313637303462326338373534383164633363353435363731366438
38313263626266613861373439653065643538363166333334306434336131636533393361323636
66396433636232346436376430663035376437386435666364316361633961336536356237396362
63623734383830656662396163653135343463343935396430323832633436373133333135313663
65343561613265326235663637633038343930623333303262653462333436373832623665383761
65306535656661393438316132663064643164343066393561323861373462316335633865663437
37366636653731383531656163653033643233303132633137306330323739306164303030353037
63303964393063633535653334636337316334623563643565323431306464633766326162626639
31613366353931633835383164313431646531356234373939363231623630303032313635306537
61366165623363303165663162326634363936353466643839623732396265316336356465613637
35633765383662313337316130626139346337353335383830343130663939633534373662633864
37353662623835333735333735623632616231613061616337646639383830636361343633626266
63316537353763353935613739326332383164383263313463663139363734386638663934646638
38656539663664666631323466303337383833633466326663333439313937306134613037376236
33393162653565653131653335646464643336326636633461383966613739666665636133336466
30363735373230316330303537613832623030393435633133633963616663646264643332316432
37623338326234303865366261373935363066616263326363646239373562343265363165653865
38646534616332353331663439636465613462623862643331303831313562643434363033303561
38333531653631396435663235336631623536653633373039666563363039383733633034333363
34643639373532383365626636373261323162613262356134363664386461383261386633373332
64313736653233356434623566333033626630383736336239323062633136623366653134613233
63393333366137643666626639653934313039386535323866343738633430343839636132356430
61313330323538366162643035386165393433323133383633346162646438336536633664663035
65646437313530383939383065393866393536336238643636336365643133376666353935343436
64333964653932613135353065373334326563303438396662343935363564633936326264616463
31616332373335376532663765656132396462396364313039643435636331646663353338353265
30326465663564646566316562373438366562346536623164643862393862356364326230353763
62396430626162646434376663303365376532613435343130636232643039626537653561633532
32386237643263363830353738383037343361383331663564323736333665633538316264363566
38623566373637633131363938376332323531663061613865636263313039633037363764383133
62353066373833356462663235663033313766656134336430346461653933366130626532636239
64663964616534306665333666353237313464336134346636363035363663643837633130373535
32633365663038336639626664643039643135306430666634336665643961383363373831316665
63633637393233636238386339336139393766613764356664626639396634383066656335643834
33623333346530623538316536316439633734313132343233363736633365363031356237313430
32356538616539663638386230663065376335666161303939383039383032313436613137303631
61643561346136383164303831326364663131373030626139646335306262323130623463376535
62356265326435343338616535356565303635643237373632623533336538346434383862636531
63616161353636383831333366663838633131356233323035663237303436323139393337313261
64393738616138653538363438646132366637366436336162343039663764363236343630623130
65636338653166613264333363356431353532303662346638353933336531626661386539626166
37653563343565313435366462623064316366393936613539303231393536313937626637333335
30393931356633343739346231313539636439393735303337353132376662393038303862353935
61323639393262306539323737363534386137623930653937396262613031313737613162653133
34613665636233323465613333326636633963303864646632623932343062336663633863333939
31313261653739393339656336633964613639633565376437363762313630633466613033643632
63323236633539633831303863623765376564323964336636343532326464323137366431393733
30653661356135343335666563653037393563333836386534383738626130373162373938626531
35636639333030386630366434626334373162343638393266633231393236306632366638316166
39653534336431313334306663323334663830346437323265306465323439623765636431633466
39626664373232346163646235623966333135353634663234636265346365363465383339363366
61376161326130376236396338393733626532306164623162363732623733323737373838663838
37636431353536333731366462323431323066393863626639343430396163376461303938616566
38333335396437346531376265303630336435393964613464653733376463386230613239373830
34343532333365316539656239313431366436343036643064333133303666363338373961626437
38373063306439306130376335636136396330613762653834666332613465383264626263646135
33613835333238323038383535393139663931626134396630643733366538666561363565656166
30306338393038386234383264663134303263663666626463343235396234643534313763316464
32643434393838633536333531336332613539373330356461353936326233666339
